50 50
-1 10
-3364148 0010110111
-10059674 001010010
-3342388 001000100
-16777216 0011
-6706535 00100000
-13413069 0010110101
-3353140 00101101000
-205 010
-3353344 00001
-10957 0000001
-3364352 00000001
-3342592 01100
-10059725 00101100011
-10070733 0000010
-3364199 00101101001
-3342439 00100011
-3353191 0010110000
-6706484 00101101100
-154 0111
-10906 0000011
-6706688 0010011
-6717440 00101110
-103 01101
-10855 00100001
-10070784 001011001
-10059776 001000101
-3353242 001010011
-3342490 00101111
-3364250 00101011000
-6717389 00101011001
-6706637 00101101101
-52 00101000
-13413120 00000000
-3353089 00101011100
-13423872 00101011101
-10804 00101011110
-3353293 00101010
-3342541 0010010
-256 11
-11008 0001
-3364301 00101011111
-6717338 0010101101
-6706586 00101100010
