250 250
-2105377 0100110101100
-1 10
-4210753 000000010111
-1052689 011100101101001
-3158067 01110000000001
-5263443 0110101110111000
-2105380 0100110100110
-5263446 0110101110111001
-6316137 01110011001100
-5263454 0000100001111
-7368831 011100110001101
-7368832 01100111010111
-8421526 00101111000010
-14737660 01101111001000
-14737664 0010110100111
-12632300 011100101010001
-5263487 011011101111101
-13684968 0110100111101100
-13684971 011100011100011
-12632319 0110110000111100
-12632320 0100000011100
-10526946 0111111000001011
-9474259 0100110101001
-3158140 01110010111100
-8421588 00101100001101
-9474244 011010010011110
-11579623 011010010100110
-94 0100111010000
-95 000001110100
-96 001010100011
-97 1100111110001
-98 00100010100
-9474290 011100110110010
-99 1101000000000
-100 001001000000
-10526917 011100000001111
-101 00011100000
-102 0110110111111
-10526918 0000110101110
-103 01100101100
-8421608 01101011101100
-104 010110101111
-8421609 011100001100111
-105 11001111010
-106 011111101110
-107 01000101100
-108 11011010110
-109 01000101001
-110 01101111111
-111 00100111000
-112 0000001100
-113 01000011110
-114 00001101001
-115 0100010111
-8421619 0111001011010001
-116 01000011111
-117 0101101110
-118 00100100011
-119 0101011001
-9474279 0110011111011010
-120 01001001001
-121 00000011010
-122 0000000100
-123 00100111010
-124 0001110011
-125 01001111001
-126 0010001011
-127 11000101101
-128 00100110000
-8421632 0001001001000
-10526944 0110100111101101
-129 0010011001
-130 00001001110
-131 0010001001
-132 010010000110
-133 0001001111
-6316261 0110111000001110
-134 00011000001
-1052822 0110110010101001
-135 011111101111
-136 0110010100
-137 010000101101
-138 0111010110
-139 001001000010
-140 1100111000
-141 001001000100
-142 01101101101
-143 0001001110
-144 01001011101
-145 0100101001
-146 11010011100
-147 0100110011
-148 11011010111
-149 01100010001
-150 0111100010
-151 11010011101
-152 0110010101
-153 01000101000
-154 0101101001
-155 11010001010
-3158187 0111000111110110
-156 010110101101
-157 001001101
-158 00011100001
-159 001001010
-160 01100010000
-3158192 011100011000000
-6316288 011010010010011
-161 001001011
-162 11010011111
-163 0010001000
-164 1100111001
-165 0100100000
-166 1101011010
-167 0111111110
-168 1101011000
-169 1101000110
-5263609 0010111001011
-4210922 00101010011101
-170 000110101
-171 1100010111
-172 0001110010
-173 010011111
-174 0001100001
-175 010101101
-1052864 0000001011010
-176 0100101111
-177 011000101
-178 0111111010
-179 0100110010
-180 110100101
-181 0101101111
-182 110110110
-183 0100101000
-184 110011101
-185 0101101000
-186 000111101
-187 011001000
-2105500 01110001000000
-188 001001001
-189 110001001
-190 000111100
-191 010010110
-192 010010101
-193 0101011000
-3158257 0110111000001111
-1052882 00101111001111
-194 00000000
-1052883 0001000111000
-195 1101001100
-1052884 01101010101111
-196 110110111
-197 000100101
-198 00011001
-1052887 0000111101101
-199 0110001001
-1052888 01000000110110
-200 1100101000
-201 110101111
-1052890 01110001011111
-202 0100010101
-203 00100011
-1052892 0000001000110
-204 0111100011
-1052893 0001000101001
-3158269 0100000010011
-205 00011011
-1052894 01101100010001
-206 1100101001
-1052895 01110001101000
-207 010010011
-3158271 01110000111101
-1052896 01000001110000
-208 011001100
-2105584 011010111110110
-3158272 011011101011100
-209 010101111
-5263490 011011010001111
-210 110001000
-211 000100110
-212 011110011
-3158244 0110110110001000
-213 010010001
-1052870 01110001001010
-214 1101011001
-1052871 00101100101001
-215 00100001
-216 1101000111
-1052873 0110111010011
-217 00011111
-218 1101101010
-3158250 0111000111110111
-1052875 011100100101011
-219 00011101
-220 000110100
-1052877 00101011110001
-221 1101001101
-3158253 011010111010011
-1052878 00101111010001
-222 110010111
-223 0010011110
-1052880 011001101111000
-224 110101110
-3158256 0110011101110110
-2105600 0101101011100
-225 0111010111
-1052914 011101000010110
-226 00100000
-1052915 01100110111101
-227 11010000010
-228 010001001
-1052917 0000001010011
-229 011001001
-230 000000011
-4210855 0110011101011010
-1052919 01110000101000
-231 011000110
-1052920 01101010000001
-232 1101101001
-233 010001000
-1052922 00101111000011
-234 1101101000
-1052923 0000101000010
-235 0100110001
-1052924 01100111010101
-236 011111110
-1052925 01110000110001
-237 0110100001
-238 011000111
-1052927 0000011001010
-239 0101101010
-1052928 1101111
-240 110010110
-7368833 011100011101001
-241 0101011101
-242 0010101011
-243 011110000
-1052900 0000001011001
-244 0110111001
-5263524 011101001001011
-1052901 01110000110100
-245 011110010
-246 000110001
-1052903 0000110101001
-247 010110110
-248 1101011011
-1052905 00101011001101
-249 0110010111
-250 110010101
-1052907 0000100101101
-251 0100100101
-1052908 00101100101100
-252 011100111
-253 0111111001
-1052910 00101100010100
-254 110001010
-255 0010101110
-1052912 00101111101101
-256 111
-1118482 0010111110001
-65794 000001011101
-5329238 011101010011101
-3223861 0100111011100
-5329239 0111001100000100
-15856122 0110110011111010
-15856121 0110110011111011
-5329243 0111001100101100
-6381934 0110111011111001
-5329245 1100111100111
-6381936 0000011010110
-15856128 000010111110
-15856127 011010000000011
-14803446 0110111000001010
-8487317 0110111000001011
-8487319 0100110111001
-14803456 0100111011110
-12698083 011010101001000
-12698089 0111001100111011
-13750779 0111001010101010
-12698091 0110100010001100
-12698107 011010001000111
-12698112 011010101110111
-10592737 01110101000000
-9540061 01101000100110
-65878 011001011010100
-65880 0000011011100
-65879 01110001100001
-65882 011100001111110
-65881 001001000101
-65884 011111101101
-65883 001001000011
-65886 110001011000
-65885 0000101100011
-65888 011111101100
-65890 1101000011100
-1118581 01110101000101
-65893 0100001100001
-10592712 0111000111111
-65895 010010000111
-65897 001001100011
-8487401 0111000111101001
-65900 01000000010101
-65899 01101010101010
-65902 0100111000001
-65904 0000110011111
-65906 0000011101101
-65905 00101101110111
-65908 01110100011101
-65907 01110100001000
-65909 0110100000100
-65911 0101011100000
-9540071 0100001000001
-65914 0100110101110
-65916 0000100010001
-65918 0000011101010
-8487421 01110100011000
-65920 01110001101110
-8487424 011011100000100
-65919 01110100111010
-65922 0000101111011
-65921 00101110101101
-65924 01101101011010
-65923 01110001011110
-7434742 01101110111010
-65926 00101010100000
-65925 0001000110101
-65928 00101110101000
-65927 01000001101110
-65930 0000111111000
-65929 1101001000011
-65932 011010111001111
-65931 01101101110001
-65934 01101001100001
-65933 0000001001001
-65936 0000001000010
-7434752 0000010011011
-65935 01101100001001
-65938 00101100110011
-65937 01000000111111
-6382065 0010111100100
-3223969 011100000100001
-65940 01110000111100
-65942 0110110001001
-65941 01000001111101
-65944 0100111101010
-65946 0111001101111
-65947 01110010000101
-65950 011011000001011
-65949 0000011000100
-6382080 01101101011111
-65951 0111001011001
-65954 01000010110010
-65953 0100111001100
-65955 0000010111110
-65958 0000101001010
-65957 01101100000011
-65960 00100111110111
-4276712 011011010101100
-65959 00100111110000
-65962 01101101010100
-65961 0001000011101
-5329401 0110100000010010
-65964 0000011100001
-65963 01110000011100
-6382027 011101000011010
-65966 011100001000010
-65965 1100111111110
-65967 1101000001111
-65970 011101001011000
-65969 0100001101111
-65972 01110010000010
-65971 0000001001111
-65974 1101000011110
-65976 1101000011111
-65978 1101000101110
-65980 01000010011010
-65979 01000011001010
-65982 0000111010110
-65981 01100110101010
-65984 01110100110000
-4276736 011011011000101
-65983 0001000100000
-65986 00101100101010
-1118673 01000011001111
-1118676 01000011001100
-65988 01101100011001
-1118675 0000110010010
-1118678 00101001100101
-65989 01100110100000
-1118679 00101111110000
-65991 0000111101011
-1118681 011010111010010
-65993 01110010001001
-65995 01000000011001
-65997 0000010010101
-1118688 0000100000110
-66000 01110001010010
-3224064 01110010111110
-1118658 01101110101010
-66002 0000111100010
-66004 01101100111101
-1118659 00101010000011
-1118661 0000010100000
-66005 011011110010100
-3224037 0000010100100
-66007 00101111111000
-1118666 01101001011111
-66009 00101111111011
-1118668 00101111111010
-66012 011101001100110
-66011 00101001111010
-66014 0111000111010111
-1118669 0000111111011
-66013 0000010101101
-1118672 01100111011100
-2171392 0010100111110
-66016 01110101011000
-66015 00101111011110
-66017 01110100111110
-1118707 00101110100100
-66019 0000011100100
-66022 01110101010100
-1118709 00101001110001
-66021 0000011100010
-66023 01101000101010
-1118714 00101100001010
-66025 00101100000101
-1118716 0000100001001
-66027 011100001011010
-1118718 0001000011000
-66029 01100111101000
-1118720 000101
-66032 011010101100111
-66031 0110100101001110
-1118690 0001000001010
-66033 01101111000101
-66035 0000001110001
-1118694 0110100101001111
-1118693 01101010000011
-66037 01000011000001
-1118696 01101010001010
-1118695 0000001010100
-66039 0111010000001
-66041 0010100110001
-1118700 01101001001011
-7434635 01101101100100
-66043 1101001111001
-5329326 011101001000110
-1118702 0000111011100
-7434638 011100010111011
-66045 00101010010111
-1118704 01110001011010
-66048 0101001
-66047 00101011011000
-1184275 1101000000101
-131587 000011000010
-5395032 011101001000111
-2236965 00101110000010
-5395039 0000011010011
-15921919 0110011111011011
-15921920 0100000110000
-5395037 011010000010110
-5395038 01101100111001
-6447729 011010001101100
-14869243 011101000101010
-14869247 0110100110110100
-14869248 011101000101011
-8553123 011010011011011
-9605811 0110100110110101
-9605812 01101100110100
-13816562 0110110100101101
-9605818 011001111001000
-13816576 011100001100000
-12763904 01100110110010
-10658529 0110100011011110
-9605847 011100110100000
-9605851 0110011111010010
-11711226 011100110100100
-131664 01101101000011
-131667 011010100111100
-131668 011111100011
-11711201 0110011111010011
-9605826 00101101111110
-131666 0110100010010
-131671 0001000000011
-131672 001011101100
-131670 001010110010
-131675 01000011100010
-131676 1101000100010
-131673 1100111100110
-131674 1101000000110
-131679 0000001110100
-131680 00101110000111
-10658560 011011111101110
-131677 01101001110000
-131678 01101001110100
-131683 0000010110100
-131684 00101110001101
-131681 01110010011101
-131682 0100111101101
-131687 0111111111001
-131688 0000111100110
-131685 0100110110001
-131686 011101010010111
-131691 0001001001110
-8553196 01110000110101
-131692 0001000101111
-131689 01101000110101
-8553193 00101101100000
-131690 0100110110010
-8553194 0010001010110
-131695 0000001010101
-131696 00101100100011
-131693 01101000111101
-131694 00101101011011
-131699 0100001010110
-131698 011010010001110
-131703 0000101101111
-9605863 0111001100000101
-131704 0000110111100
-131701 1100111111100
-131702 01110101001111
-131707 0000101110100
-131708 01110100011011
-131705 01110101011101
-131706 0000010001000
-131712 0000001111100
-8553216 0100001010000
-131709 01000010011100
-131710 0100001101011
-131715 0000010000100
-7500531 01110000100111
-131716 01100111111110
-131713 1101000011010
-7500535 011100110110011
-131720 01000001110101
-131717 01100111001110
-131718 0000010001100
-131723 00101101100011
-131724 0110110001110
-131721 011010100001111
-131722 01101101110100
-131727 0110111101011
-6447855 011010000000000
-7500544 01110001000010
-131731 0000111000110
-6447859 011010000000001
-131732 00101010101110
-6447857 00101101111100
-131729 0100111011111
-131735 01101101001100
-6447863 0111001010011010
-131736 0000110000001
-131734 1101001001011
-131740 0000110000000
-131737 0000101110000
-131738 01101000111001
-131743 00101100011010
-131744 01101000000010
-131741 01110001101010
-131742 01000001010110
-131748 01111110000110
-6447812 0110100010001101
-131745 0000010111000
-3289751 011010101001110
-131752 01000001010001
-131750 01101010011000
-131756 01101011010111
-131754 0000111010000
-131760 01101010111001
-131758 0000100001000
-3289731 011001011010101
-131764 0000011100110
-131762 01000000011100
-131767 0000011011110
-131768 01110010010110
-131771 0000111111110
-131775 01101100010100
-4342528 011100001111111
-131773 01000001001011
-131779 01000000001010
-131780 0000011100000
-131777 0000100010100
-131778 00101101100110
-1184471 0000100100111
-131784 1101001000010
-1184469 01101011101111
-131781 01110001010110
-131782 1100111100101
-1184475 00101011111100
-131788 0010111101010
-131786 1100010110010
-1184479 01000000010100
-1184480 00101101101111
-131792 1101001000101
-3289856 0111001010111110
-1184477 01000000010011
-131789 01101011000010
-3289853 011101010001101
-131790 0000100110011
-131795 0110101011011000
-131796 1100010110011
-131794 1100111111010
-131799 0000001111011
-131797 00101101110101
-131803 0000100100001
-131801 01101011001000
-131808 011010110000110
-2237184 00101010101010
-131806 0100110101011
-1184499 00101110011110
-131811 00101110001011
-1184500 0000100101110
-131810 00101110110110
-1184503 00101101011110
-131815 0001000100011
-4342440 01110100100000
-131813 01101001000001
-1184507 01000000110111
-131819 0111001010111100
-1184505 0000011011101
-6447753 011001111100001
-131817 00101001010011
-6447754 0111001010111000
-131823 01000000101001
-1184512 0100011
-131821 011010101101001
-1184510 01101011011100
-1184483 01101100010101
-131827 00101101010010
-131825 0000101111110
-1184482 01000001010010
-131831 01110001000101
-1184485 0000101101000
-131829 0000110101100
-131835 00101111101100
-7500427 01110101010010
-1184492 1101001000100
-131833 00101010100010
-1184490 01101011110100
-1184495 01101011110101
-131839 1100111111111
-131840 0101010
-1184493 0000011001110
-131837 01000010010111
-5395118 0110110000111101
-197380 01000011101
-1250068 011100110001111
-2302759 00101110101010
-5460828 011100110001100
-15987712 0111001010100000
-6513523 011010111001110
-14935026 0111001010100001
-6513522 011011011100000
-8618904 00101110101100
-8618912 0000111111001
-9671606 011011000111111
-9671615 011011001001011
-9671614 011011011100001
-12829691 0110101011011110
-12829696 011011001001010
-9671635 01101101111101
-3355512 0110101011011111
-197456 0000101100000
-197455 0001000110010
-197453 011011000011111
-197460 001000101010
-197459 0000111001111
-197458 010000000000
-197457 01101100100110
-197463 000010101010
-197462 0001000101010
-197468 0100000110110
-197467 00101011011111
-197465 0100111000100
-197472 01110001100110
-10724352 01110001100111
-197471 0110101101000
-197470 0010101101101
-197476 01110001101001
-197475 01000010000000
-197474 010010000101
-9671666 011001011010111
-197473 01110011011101
-197480 0010110011000
-197479 01000010010011
-197477 0110111110001
-197484 010000000011
-8618988 0110011111101111
-197481 01000000111010
-9671673 011001111110110
-8618985 011010111110111
-197488 0110110000110
-197487 1101000100001
-197486 0000001001010
-197485 01101011111010
-197491 0100111101011
-197490 0000001001011
-197496 01101101011000
-10724311 000011011101
-197495 01101101011110
-197494 0000110001101
-10724310 0110101011010100
-197493 01000010110000
-10724309 011010011111111
-197500 00101011111010
-197499 01101100000100
-197497 0000010111111
-1250153 0110110110001001
-197504 011100100000001
-9671664 011100010011011
-197502 00101011111000
-197501 0000010111101
-197508 01110000011001
-197507 0110110000000
-7566323 1101000011000
-1250194 00100111110010
-7566321 00100111110001
-197505 0100111001111
-197512 01101110100011
-197511 00100111110101
-197510 0000111001010
-197509 01000011011000
-197516 1100111100100
-197515 00101001010111
-6513643 0110100000010011
-197514 00101110011000
-197513 0001000111110
-7566336 01110000011101
-197519 1100111110111
-197518 01110010000001
-197523 01101101010111
-6513651 011100001000011
-197522 0000100010010
-6513650 011001110010010
-197521 1100111101110
-197527 0000100010111
-6513654 011101001011001
-197525 01000010100110
-197530 0000111111101
-197529 01110000100010
-6513664 011001110010110
-197535 00101100111011
-197533 0000111010100
-197540 000001000101
-1250228 01100110101001
-197538 01100111001000
-197537 1101000101111
-197544 00101111000001
-6513608 011001110010111
-197543 0000101100100
-197542 01000001100100
-197541 01101101100011
-197548 01000001100101
-197547 01110000011010
-197546 011011010001010
-197545 01000011001011
-197551 0100110110111
-197550 00101111100000
-197549 0000011000000
-197555 01000010011011
-3355523 011011010001011
-197553 0110011100000
-197560 00101100101011
-197557 01101011011110
-197563 01000000111100
-197561 00101001100111
-4408320 0110110010001
-197567 01000000111101
-3355534 011011110110000
-4408318 0110111101000110
-197565 011001101000010
-197572 011011110110001
-197570 01000011001101
-197574 0000110010011
-197573 00101001100100
-197579 0000110010000
-1250266 00101010001001
-1250265 01101111011001
-197577 01110010111001
-3355648 01101110110100
-197583 01101110110101
-3355646 01100110100010
-197581 00101001101110
-197587 01101010101101
-197585 0000111110100
-197592 01110010001010
-197591 00101001101000
-197590 00101001101001
-197589 0000010010100
-197596 1101000010000
-4408220 0111010000101110
-197595 01110001010011
-197594 0000111111111
-197593 0000100000111
-197600 0010011101110
-2302976 1101000000111
-197598 1101001001000
-197604 01101110101011
-1250291 00101011110111
-197602 0000111100011
-1250289 0000111100000
-1250296 0000111100001
-5460919 01101000101100
-197607 00101010000111
-1250294 01101000101101
-1250293 01110101010001
-197605 00101100100001
-197612 011001101111111
-1250298 00101111100110
-197609 011010010110100
-1250304 0110000
-197616 011001110111010
-1250302 0000100000000
-197614 01101001110011
-1250301 01101111110101
-197619 00101001111000
-1250274 011001101011000
-197617 01101001110110
-7566215 011101001100111
-1250279 01101111001011
-197623 0000100110101
-1250277 00101001111011
-197621 01110001001000
-1250283 00101111010010
-197627 01100110111110
-4408250 0110101011101000
-1250281 0000010101110
-197625 0001100000001
-197632 0101110
-197631 00101110100010
-1250286 01110000001001
-1250285 01100111100110
-197629 011010100011010
-7566221 01110100010110
-263173 110100111101
-1315861 011010010011010
-2368552 0001000001000
-5526623 0110011101011011
-5526624 01101001101011
-15000832 00101110100101
-9737400 011010010011111
-9737406 011010010011011
-13948158 0110011111000100
-13948160 0000100111111
-9737402 0110011111000101
-13948154 011010010011000
-13948155 011100011000001
-12895480 0110111100010010
-13948141 011001110101100
-12895481 0110111100010011
-12895482 011011110000100
-3421301 01101001001110
-11842806 0110011111001101
-10790113 01100111011110
-10790115 01000010111001
-11842816 011010010000001
-9737434 011100001011111
-11842810 01101111000001
-9737413 0110111110011010
-263253 00101100001111
-10790133 011100001011011
-263254 0100110100001
-263255 0100111101111
-263256 0111010101011
-9737411 00101100001001
-263251 0100111101001
-263252 1100111111101
-263261 01000010111010
-9737421 011010001010000
-263262 0110110101001
-263263 00101110010000
-9737423 00101010100100
-263264 0100111010110
-263257 000001011000
-263258 0100111010111
-263259 000001100001
-263260 0100110110100
-263269 0111010000111
-263270 000000111111
-263271 01101001001000
-263272 01101010001011
-263265 01101010001111
-263266 01000010001010
-9737458 011010110101101
-263267 0000111101001
-263268 00101110011010
-9737460 0110011111011110
-263278 0110101110000
-263279 01110000101011
-263280 0000101000011
-9737472 011100010111010
-10790089 00101101010100
-263273 000010100010
-263275 0100110101010
-8684779 011011011000000
-263276 00101010010110
-263285 0010110011110
-10790101 01100111010100
-10790102 01101011011001
-263287 011011001110000
-263288 01000010000100
-263281 0001100000011
-263282 00101011011001
-263283 01100111011010
-263284 0000100001110
-10790100 00101110000001
-263293 000010101100
-263294 01110001011001
-263295 01110001011011
-263296 0000011000101
-263289 01000000110101
-1315946 011010011010000
-263290 0110110000101
-263292 01110000001111
-263301 0000010101000
-263302 01110100111100
-263303 01110100111101
-263304 0000010101001
-263297 00101010010000
-7632113 0000011110110
-263298 00101111110010
-263299 1101000010011
-6579427 011010000010111
-263309 00101111110011
-263310 0000101000110
-263311 01101001101100
-7632128 0010111110100
-263306 01110100100001
-263307 0000100011110
-263308 00101110110111
-6579445 01101001101110
-263318 00101111101111
-263319 011010001000100
-263320 01101101010001
-263313 0000101010000
-263314 01101000001010
-263316 0000001000001
-263325 00101111010111
-6579453 01101010011010
-263327 0100111000010
-263328 011010001101101
-6579456 01101100110101
-263321 00101111001100
-263322 0110101010000
-5526731 0110100011011111
-263324 01110000001010
-263335 0000010101011
-263336 01110000001011
-263329 00101111001101
-263330 01000010001111
-263331 0000001011011
-263332 00101001000000
-263341 0000110011100
-1316030 01101100110111
-263343 01101101011101
-263344 0000100101011
-5526777 00101001000010
-263338 00101001000011
-263350 0110100111100
-263351 01101101000000
-4474103 0000001101111
-263352 01110000110111
-263346 01110101001010
-263348 0000010111001
-263357 0001000000010
-3421326 0111000000001100
-263358 00101100010010
-263359 00101001000110
-263360 0001000000101
-1316016 0111000000001101
-4474112 001011101111
-263353 0001100000000
-263354 0000110010111
-263355 01101111101001
-263356 01101001011001
-263366 0001000000110
-263367 01000011100111
-263362 01101110111100
-263364 00101100010000
-263373 011011111101111
-3421437 01110100100100
-3421438 01000000100001
-263376 00101001000100
-263369 01000011100011
-263371 01000001000000
-263381 01000001000001
-263383 0000010010011
-263378 00101110000100
-5526658 01101111110010
-263379 00101110000101
-263389 01110010011001
-263391 0000010010000
-263392 00101110001000
-2368768 001011110110
-263385 01110010011100
-263387 0000001111101
-263397 1100111100000
-263398 1100111111001
-1316087 0000100101111
-263400 01110010011111
-1316088 011100100110101
-1316081 01101000111100
-1316082 01100110110101
-263394 1100111111011
-1316084 00101110001111
-1316094 00101110001010
-263406 0100000100001
-1316095 00101100101110
-1316096 0101111
-263408 0110011111010100
-1316089 01101111101101
-1316090 01101111101011
-263402 00101100101101
-1316092 011111111100000
-263404 0111010010011001
-263413 0000101000111
-1316070 00101101100001
-263415 01100110110000
-7632007 011010110001101
-1316065 011010010101000
-263410 0000101101011
-263412 01001111000000
-263421 00101010010011
-7632014 011101010011100
-263423 0000101000001
-7632015 0110100111101110
-1316080 0000010011101
-7632016 0110100111101111
-263424 0101000
-263418 01101001010101
-1316074 011010010001111
-263420 0000101101101
-328966 010011011111
-1381654 000010010100
-1381655 011001101110101
-16119296 0010110000011
-5592415 011001111011111
-2434346 000100100101
-6645109 0111001010011110
-4539730 0111001010011111
-6645108 011001111111010
-15066624 01110101001101
-8750502 0110101111011110
-9803191 0110101111011111
-8750499 0100110110000
-9803199 0010101111010
-9803193 0000110011001
-3487097 01101001000100
-9803227 0000111110111
-9803206 0110101111011100
-329048 01100110100111
-329047 00101011010101
-9803201 01100110100100
-9803204 01100110100101
-329054 011111111111
-329056 01100110111000
-329055 01100110111001
-329050 001010011101
-329049 0010110011111
-329052 0000010000110
-329051 000011100110
-9803211 0111001010011100
-329061 000111000110
-329064 01110000100110
-329063 0111010001111
-329058 1101001000001
-329057 0000110101101
-329060 0001000001111
-329059 01101100000010
-329070 01000001110100
-10855885 0100111000101
-329072 0100000100110
-9803264 0110101001001
-10855888 011100110010111
-329071 0100001000100
-329066 00101101100010
-10855882 011100110010101
-329065 0000111100100
-10855881 0010110011011
-329068 000111000111
-329067 01101000111010
-1381755 011100010000110
-8750571 0000111011001
-10855893 011011110011001
-329077 000010011000
-329080 0000110101011
-329079 0111010000010
-329074 0000111000010
-329076 0100111000000
-10855891 01110001000001
-329075 01101110001110
-329086 01101101111000
-329088 0000110011101
-329087 0000100100000
-329082 00101010101111
-329084 0000011101011
-329083 0100111100011
-329094 01101110000100
-329093 0000110000011
-329096 0000101001110
-2434472 011010011001000
-329095 00101110111010
-329089 01101110111111
-329092 00101110111000
-329091 0110110100111
-329102 011100000000000
-329101 01101011000101
-329104 00101110111001
-329098 0100110100111
-329097 01000010111110
-329100 01000001011000
-329110 01110001000100
-329109 00101011000000
-329112 00101011000001
-6645240 011101010000110
-329105 00101100011011
-6645233 0111001010101001
-329108 0000100100010
-329107 0100111000111
-329117 0000110010110
-329120 0000010110101
-6645248 0100000100010
-329119 01101010100110
-329114 0000010110111
-329113 01000001010111
-6645241 01110010011110
-329116 01101010100101
-1381772 01110001100010
-329115 01110001100011
-329126 0000001111010
-329125 01110101000001
-329128 1101000000011
-329122 01000001011010
-1381809 011010101011100
-329124 01101011010100
-329134 0000011110101
-329133 0100110000110
-5592573 0111001010101111
-329136 01101010010111
-5592576 011111111101
-329135 0001000001011
-329130 1101000011011
-329131 00100010101111
-329141 01000011000100
-329144 0000001010010
-329137 01101101110110
-329139 0000110110000
-329149 01110000111010
-4539904 0111010101101111
-329151 01000000011101
-329146 01101111010100
-6645212 01101100110001
-329148 0000110010001
-329158 01101111010101
-329157 00101011001110
-329160 01101001111010
-329159 0000010011000
-329154 0000010011001
-329153 01110010100000
-329156 0100111001010
-329155 0001001000001
-329166 01000001001010
-3487229 01101001111101
-329168 0000101001101
-329162 0000001001100
-329161 1101000000100
-329164 01100101101111
-329174 01100101101110
-6645174 01101111100001
-6645173 011010110000010
-329176 00101101100111
-329170 01101110110001
-329172 0000101111111
-329182 01000000001000
-329184 00101011111110
-2434560 0110110010100
-7697834 01110001110010
-329177 00101011111111
-329179 01000010111100
-1381878 0000011110011
-329189 0000110111110
-329192 0000101101010
-329191 1101000100000
-329185 01000010111101
-329187 01110001100100
-1381886 0000011110010
-329198 01101110101000
-7697821 01101110101001
-1381888 0101100
-329200 0000111011000
-329194 01000000010000
-329193 01101011000000
-1381884 01000000010110
-329196 1101000100110
-329206 0100111001001
-329208 0000110100011
-7697800 01110010110000
-7697799 011100011001011
-329202 00100111011000
-329204 011010110011110
-329214 0010110100101
-329216 1100000
-1381871 0100111011010
-329210 1101000100111
-329212 01110000000100
-394759 00000001010
-16185088 0110101011011001
-6710902 011010110010110
-4605521 011010110010111
-4605522 0001000100100
-15132416 0100110111010
-8816285 0111000111000101
-8816286 0110110010101000
-8816295 011100011110101
-8816296 011010101010010
-9868984 0000001101100
-8816289 0000110111001
-14079729 011010110000111
-14079730 011010101010011
-14079741 0111001010111101
-8816297 00101110011111
-8816309 011100101100011
-5658209 00101100010101
-9868975 0000100001101
-13027072 0110110010101010
-9869018 011011010010010
-394847 000001101101
-394848 00000111110
-10921728 011001111101011
-394845 00101001011100
-394846 001001100010
-394843 011001111101110
-394844 00101010011100
-394855 010011101001
-394856 00101001001001
-394853 1101001000000
-9869046 011011111001100
-394852 00101100000100
-1447537 011101000000011
-394849 01100111100001
-394850 00011100010
-394863 0000111110001
-394864 01101001010001
-394861 01110100010010
-10921677 0010100101000
-394862 1100111101100
-10921678 0100000111101
-1447547 011010011000100
-394859 00101010100001
-8816363 011010101101110
-394860 0000101101100
-394857 011010011000111
-394858 01100111111111
-394871 0111001001001
-394872 000000101011
-394869 0110110111001
-10921686 0010110110010
-394867 0100111000011
-394868 00101001001100
-394865 0001000111101
-394879 01000001001000
-394878 0010110101110
-394875 0000110011011
-10921691 0110100110001101
-394876 0010101010110
-394874 0110011100011
-10921690 011100010101111
-394887 00101110011100
-394888 0000010000101
-394885 0010100111001
-394883 00101010010010
-394884 00101011110011
-7763700 011011001010110
-394881 0100110101111
-7763697 011010111011101
-394895 0110111000000
-394893 01110100111011
-394892 0000101111010
-394890 0110110010111
-394903 0100110100100
-394904 1101000010010
-6711032 011011000110110
-394901 01101110111000
-394902 01101110111001
-394899 0000101011010
-394900 0000101011011
-394897 0110101111001
-6711025 01101101011011
-394898 01101100011110
-394911 0000011001111
-7763695 011011000110111
-6711040 0111000001000000
-7763696 011100110001110
-394909 0000001001101
-394910 01101100011010
-394908 0000011010111
-394906 00101110101011
-394919 01101110111011
-394917 0000001101101
-394918 01110011000000
-394915 00101110101001
-394916 01000000100100
-394913 0110111101101
-394914 0001000110100
-394927 01101011101101
-5658368 0100001001010
-394925 01000000100101
-394923 0000011010010
-2500235 0111000001000001
-394922 01110011000010
-394936 01110011000011
-4605688 011011000111110
-394933 0001000110110
-394934 0100000110001
-394931 0010110011010
-394932 01101011100100
-394929 0001000110111
-394930 0001000101000
-394944 01000001101111
-4605696 01110011000100
-394941 01110011000101
-394942 0000101010110
-394939 0000101011111
-394937 01000000101100
-394952 01101101111100
-394950 01000000101101
-394948 0000101100001
-394946 01101011100110
-394959 0100000000011
-2500335 0110011111101110
-394960 01101011100011
-6710960 01101001100000
-3553024 01000000111110
-394957 1100111110100
-394955 1100111110101
-394954 0000111001110
-394967 0000001001000
-4605587 011100100100010
-394964 01101100100111
-394962 0000001000011
-2500352 00100111001
-394976 01101100100100
-394974 0001000101011
-394972 01110010010000
-394969 00101011011110
-394970 0000010011010
-394983 00101011011101
-394981 00101011011100
-394979 0110101011010110
-4605603 01101100010000
-394980 00101100110010
-394977 0110101011010111
-394978 011001011010110
-5658290 0111000011001100
-1447680 00101000
-394992 0001000100110
-394989 1101000010001
-394990 0001000100111
-1447675 0000010001101
-394987 01000001101000
-394988 01000001101001
-394985 0000110110100
-4605609 01110011011100
-395000 01000010000001
-394997 01000010010010
-394998 0000110110101
-394995 01101100001110
-6710930 01000001111000
-395008 0111011
-5658288 011011010110010
-395006 01000001111100
-395004 0000100100110
-5658284 011011010110011
-7763593 0111000011001101
-395002 0000101110010
-460552 0100001001000
-1513240 01101111001110
-2565928 01101111001111
-16250880 01110010000100
-16250879 0001000010000
-16250877 01000000111011
-1513241 0001000010001
-6776696 01110000010111
-15198200 0110101011010101
-15198199 0111001001000110
-15198208 01000000101000
-15198205 011001011011010
-8882084 0111001001000111
-14145531 01110000010001
-8882101 011001011011011
-5724003 0111000111011000
-13092864 0100001001111
-9934801 01000001110001
-12040192 0111000111011001
-9934810 0110110101011010
-9934791 011011000001010
-10987506 0110110101011011
-460640 0100111000110
-8882137 011011010001110
-460648 01000001110011
-10987463 0111111000001010
-460646 0111000001001
-10987462 01101101000100
-460645 1100111110011
-460644 1100111111000
-460643 0110011111100
-460642 010101110001
-460656 001010100110
-460655 01000010110001
-460654 1101001000110
-460653 01000010110011
-460652 1101001000111
-10987468 011010011111110
-460651 1101000101100
-460649 010011000010
-460663 011100100000000
-460662 00101011111011
-460661 0110011100010
-10987477 011100010011010
-460659 1101000101101
-460658 0000101001011
-460672 0000010111100
-8882176 01101101000110
-460671 00101011111001
-460670 01110000011000
-10987486 01000001111110
-460669 0000001110010
-460668 0000001110011
-460667 01000001111111
-460666 00100111110110
-460665 00100111110011
-460680 0100111001110
-460679 000001111000
-460677 01100111000011
-460676 000011101111
-460675 01101110101100
-460674 01101110101101
-2566049 01101110100010
-460673 0001000011100
-460688 0111000001111
-7829504 00100111110100
-460687 0000001010000
-460684 1101000011001
-460683 0000001010001
-6776811 0111000111011110
-460696 01101110101111
-460695 0111000111011111
-460694 0000111001011
-460693 01101101010101
-460691 01000011011010
-460689 0110111010000
-460704 00101001010110
-6776832 011011101011101
-460703 0000110011010
-460702 00101110011001
-2566077 0000100110111
-460701 0100000011000
-460699 0100000011001
-460698 0001000111111
-460712 0000100011010
-460711 00101011010110
-460709 011101000011011
-460708 00101011010111
-460705 01000011010100
-460720 01000011010101
-5724160 01110001001100
-460718 011001110010011
-460717 0100111010001
-460716 0000100010011
-2566026 0000100010110
-460714 01000010100111
-460713 00101101110001
-460728 011100001000000
-4671480 011100001000001
-460726 00101100111000
-460724 00101100111001
-460722 00101100101000
-460736 01110001001011
-4671488 010010000100
-5724144 0111000111011100
-460735 00101100111010
-4671486 01110000100011
-460734 0000001001110
-460733 01000010100100
-460732 01110010000011
-460731 0111001011101
-460743 011010110111110
-460741 01000010100101
-1513428 011010110111111
-460739 01000010100010
-460737 011011101100100
-5724064 01000010100011
-460752 00101111000000
-3618816 1101000010100
-460750 0000111010101
-3618814 011011101100101
-3618813 01110100101101
-1513436 0001000111010
-5724060 0001000111011
-460748 01100110101000
-460747 01000001100110
-460745 01000001100111
-2566136 0111000111011101
-460759 01100111001010
-460757 0001000111001
-460756 0000010000000
-4671379 0111001011010000
-460755 01110100010011
-460754 01110000011011
-460753 0000010000001
-460768 0000101100110
-2566144 0000101100111
-460766 01100110101011
-460765 0000010000010
-460763 01110100101110
-460761 00101111100001
-460776 0000010000011
-460774 01110100101111
-460772 0000111010111
-460770 0010111100010
-1513472 0000011000001
-460783 1101000001110
-460782 00101111000110
-460780 011101010111110
-460777 00101111000111
-460792 01110100110001
-460791 01101110110011
-7829383 011101010111111
-460789 00101001100110
-460787 1100111101101
-460785 0001000100001
-460800 0111110
-2566111 011100101101010
-4671423 011100101101011
-460798 011100100101010
-460796 01000011001110
-460794 0000110110001
-7829385 01100111100000
-526345 010011101100
-2631721 0110111101000111
-3684412 01101001010010
-16316672 0111000111110100
-6842495 0111000111110101
-15264000 01101100011000
-15263988 011001101000011
-4737109 0110011010110010
-4737110 011010101011000
-15263991 011010101011001
-8947883 0100110100101
-14211328 0100000000010
-10000565 011100000101000
-8947877 0110011010110011
-5789794 00101010001000
-11053281 011100000101001
-8947907 011100100010000
-10000598 011100100010001
-11053312 000001101000
-8947921 011011110100010
-8947928 01110001001111
-526441 01110010111000
-526442 0111001011011
-8947946 00101111110001
-11053259 00101010011110
-526444 00101010011111
-526445 1101000010101
-11053261 01100110100011
-11053262 00101001101111
-526447 0000111110011
-526448 1101001001001
-526435 01000000011000
-526436 01110010001011
-526437 011111100010
-526438 0000111110101
-526439 0110101101001
-526440 1101000000010
-526457 0100111010101
-526458 0000010001001
-11053274 00101111111100
-526459 00101111111101
-526460 01101100110000
-526461 0000111110110
-526462 1101001001010
-11053278 01101010010100
-526463 01101010010101
-11053279 00101011110000
-526464 1100111100001
-8947968 0111010000101111
-10000609 011010001111100
-526450 0101011100001
-526451 0000001101110
-11053267 0000011111101
-11053268 01110000010101
-526453 00101111010000
-526454 01110010111111
-11053270 011010001111101
-526455 0000101111001
-526456 01110100110010
-526474 000011000011
-526475 00101011110110
-526476 0100001010111
-6842605 1100111100011
-526478 0110110111101
-526479 00101010000110
-526480 011011110010101
-7895296 01101100111100
-526465 0100110111000
-2631841 0110011101110111
-526467 00101100100000
-526468 0111001100100
-526469 0111001101011
-526471 0000010100011
-526472 01110101010000
-526489 0100110111011
-526490 0000010100001
-526492 01101000111111
-526494 00101100001100
-526495 0000110011000
-4737248 01110010111101
-6842624 011010010110101
-526481 00101101000000
-526483 00101101000001
-526484 011001101111110
-526486 00101111100111
-526487 0000100000011
-526488 00101111111001
-1579144 0111000111010110
-526506 01101001110010
-526507 0000100000001
-526509 01110100111000
-526511 0110101000010
-526512 00101001111001
-526497 01101111110100
-526499 0001001000010
-526500 01100110101110
-526501 01100110101111
-526502 0110111110111
-526504 0000011010100
-526523 01101001110111
-4737275 0110100110101010
-526525 0000011010101
-4737278 0110100110101011
-526527 01110100110110
-526513 0000100110100
-526514 01110100110111
-526515 0010110100001
-526516 0000001011100
-526517 0000001011101
-526518 01100110101101
-4737271 011001101111001
-526520 00101111010011
-526537 0000111111010
-526539 01110001001001
-526541 00101101001100
-526543 00101101001101
-526544 011010011010100
-3684608 0111010100100
-526529 0000010101100
-526530 00101110100011
-526531 00101111011100
-526532 1101001001110
-4737157 0110101011101001
-526534 1101001001111
-4737158 011010100011011
-526536 00101111011101
-2631912 01100111100111
-526553 00101001001110
-526554 00101001001111
-526555 0000111001000
-526557 01110100010111
-526559 0000111001001
-2631936 0010111010000
-2631921 01110100011100
-526546 00100111111010
-526548 00100111111011
-526550 01110101011001
-526551 00101111011111
-526552 0001000001001
-526569 01110100111111
-526570 01110100010000
-526572 00101001001010
-7895197 00101001001011
-526573 01110100010001
-526574 0000011100101
-1579264 01000101101
-526576 00101001110000
-526561 01101110001010
-526563 00101110100110
-526565 01101110001011
-526567 0000100011000
-526585 0000011001000
-526587 01110101010101
-526588 01110100001010
-526590 00101110100111
-526592 0111101
-526577 01101010001100
-526579 0000011100111
-526581 00101100001011
-526583 0000100001100
-592138 010010010000
-1644826 00101101011000
-2697514 0110011101100
-1644828 0110011111001100
-3750206 0110100100110010
-16382464 0110100100110011
-16382463 011010101110101
-6908281 0000011100011
-15329792 011011110000101
-4802902 01101000101011
-9013676 00101001001000
-14277117 01100111011111
-14277120 01000010111000
-10066355 0000111010011
-10066357 011010010000000
-9013669 01101111000000
-9013672 011100001011110
-10066360 00101100001110
-13224448 0001000001100
-10066396 0110111110011011
-10066400 0010110000000
-12171776 0110100100100100
-10066390 0110100100100101
-12171754 01100111101001
-10066377 011011110001000
-11119101 0110011111001000
-10066384 0110011111001001
-11119104 00101100001000
-9013720 011010101100110
-10066376 01101000101001
-592234 01110000101100
-592233 0000100001010
-592236 1101000010111
-592235 0000100001011
-592238 00101101010011
-11119054 0110110100101010
-592240 01000010111011
-10066432 0110110100101011
-592239 01110000101110
-11119055 0100111101110
-592230 0110110011100010
-592250 1101001111000
-592252 01110100001001
-592251 0000111010001
-592254 00101010100101
-11119070 00101010100110
-592253 00101010100111
-592256 01101010000000
-11119071 011010001010001
-11119058 0111111000010
-592242 00101110010001
-592241 01000011000000
-11119057 0110110011100011
-592244 01101010000010
-11119060 0010111110010
-592243 0001000011110
-592245 0111010010100
-592248 0001000011111
-592247 0100110111100
-592266 0100110100010
-592268 1100111110010
-592267 00101001101010
-592270 00101001101011
-7961088 000010000010
-592271 0000010100010
-592258 01101010001110
-592257 0000111101000
-592259 0000011111100
-592262 011010110101100
-592261 01000010001011
-592264 00101001111110
-592263 00101001111111
-592282 0000001011110
-592284 01101001001010
-592285 0000001011111
-592288 00101110011011
-6908416 0110111011011
-4803040 0110011111011111
-592287 0100111101000
-592273 01110000101010
-592276 0110110010110
-1644932 01101010110010
-592275 000010101110
-592278 0110011110001
-592280 0100111100001
-592279 00101101010101
-592298 0000001110110
-592297 01101101100101
-592300 01101101100110
-592302 0001001001001
-592301 0000101100101
-592303 01101101100111
-592290 000010011110
-592289 01101001000011
-592292 01101110001000
-592293 0000111011101
-592296 0010110111001
-592295 01101110001001
-2697607 011011011000001
-592313 00101101010110
-592316 0001001000111
-592315 0100001101110
-592318 01101011011000
-4803070 00101101010111
-592320 0000001110111
-592305 01000010000101
-592307 0001001000000
-592310 01101011011010
-592309 01101011011011
-592312 1101001001100
-2697623 00101110000000
-592311 0001001000100
-1644967 01100111011011
-592329 0010110100010
-592332 0001000001110
-592331 01110001011000
-592333 0001001000101
-592336 01110000001100
-3750400 01110000001101
-592322 01100111111010
-592324 01000000110100
-592326 0000110001100
-592327 01110001011100
-592345 01110000010110
-592348 00101110101110
-592347 1100111110000
-592350 0000011001001
-592352 01110000001110
-2697728 011010011010001
-592338 00101110101111
-5855620 011100011101000
-592339 0000101001001
-592341 01101001101001
-592343 0000011001011
-592361 0000100010101
-592363 1101000001101
-592366 01101011100010
-592365 00101110000011
-592368 1101000001100
-1645056 011111111110
-592354 0000011110111
-4802977 0110011111011000
-592356 00101010010001
-592357 0000101010111
-592359 01101101100001
-592377 01101000110000
-7960972 0110011111011001
-592379 0001000110001
-592381 1100111101111
-592384 1100011
-592383 01000001000110
-592370 01000001000111
-592372 00101110010100
-592371 0000110110010
-592373 00101110010101
-592375 01101110110000
-657931 011010100110011
-2763307 0010101010100
-16448255 01101100111010
-16448256 010110101100
-16448254 0111000111000010
-2763310 0111000111000011
-15395584 001011011110
-15395581 0110110100101110
-4868695 01110100100010
-4868693 00101111101110
-4868694 0110100000011
-13290223 0110110100101111
-14342912 0110110100101100
-10132149 01101101010000
-13290240 00101111010110
-10132188 011010001000101
-12237562 011010111111110
-12237568 0110101001100100
-12237566 01110100010100
-12237555 011010111111111
-9079491 011001101100010
-11184896 0000101010001
-10132173 0110101001100101
-12237537 011001101100011
-10132166 0111010010011010
-10132224 00101001011101
-658023 00101001011010
-658022 01101010011011
-11184859 00101011010000
-9079547 0111010010011011
-658044 0000110001110
-658041 00101011010001
-658042 0000100011100
-658048 00100111011011
-658045 01100111100101
-658046 0000110100010
-658035 01101011111101
-9079541 011001111001001
-658038 0000010010110
-658060 0000010010111
-6974188 1101000000001
-658057 0000010101010
-658058 01101011111110
-658063 0000100110010
-658064 01000010001110
-8026880 011100001100001
-658061 01100110110011
-658051 0010111111011
-658052 01101100110110
-658049 00101101011111
-6974178 011100110100001
-658056 00101001000001
-658053 0000100100100
-658054 01101000110010
-658075 01101000110011
-658076 01110000111110
-658074 0110010110100
-658079 01101101011100
-658080 0001000100101
-6974208 011100110100101
-658077 000011001010
-658067 0000100101010
-658068 01101001111110
-658065 0100111100010
-658071 01101101000001
-658070 0001000000000
-658091 01110000110110
-658090 00101100011000
-658095 0100110110011
-658096 00101100011001
-658084 01110011010001
-658081 00101011001100
-2763399 011010100111101
-658088 0111000100011
-658085 0000101001111
-658086 0100111101100
-658106 0000110110110
-658111 0000110001000
-658112 00101101111111
-4868864 011101001001010
-658109 0100000101010
-658110 00101100010011
-658100 01110011010011
-658097 0001000000100
-658098 0010101100001
-658104 01101111101000
-658102 0000100100011
-658123 0000011101100
-658124 01110100110100
-658121 0000010110010
-658122 00101001000111
-2763503 011010001101110
-658128 0000101010011
-3816192 01110100110101
-658125 01101111101010
-658126 1101000100011
-658115 0000011101111
-658116 01000000100010
-658113 01101111001001
-658118 01101001011000
-658140 01000000100011
-658138 0001000000111
-658143 01101111011110
-658144 01000011100110
-2763520 011010101100000
-658141 0001000101110
-658142 00101100010001
-658132 01101010011111
-658130 01000000100000
-658136 01110100100111
-5921413 0110101010100000
-658134 0000111000111
-658156 0001000010010
-658153 01101010011100
-658159 0001000010011
-8026784 01101010011101
-1710848 01110100101010
-658157 00101001000101
-8026772 0110101010100001
-658146 00101110000110
-6974082 01101111110000
-8026775 01101111110001
-658152 0000001110101
-8026773 011010101100001
-658149 011100100110100
-658150 01101111110011
-658172 01100111111100
-658170 0111001000011
-658175 00101110001001
-658176 1100100
-6974110 011001101101000
-658174 0000010010001
-658163 01101001110101
-658164 01110010011000
-658161 01101111110110
-658168 00101110001100
-658166 011111100000000
-2829100 0000100101100
-3881788 011001101101001
-16514048 01001011100
-3881792 011111100000001
-16514047 0000101110101
-16514046 001010110001
-1776413 0110011111010101
-7039867 011100000000111
-15461376 0110101010100010
-4934487 00101110001110
-14408704 01110010011011
-9145252 011011111011000
-9145256 0110101010100011
-10197942 0010101001010
-10197941 011011111011001
-13356029 011010111110000
-12303353 011100011010110
-12303360 0000010110110
-9145285 011100011010111
-11250688 0111010010011000
-9145309 0110011011011
-10197955 011010111110001
-10197959 01101001011100
-9145302 0110110100100010
-10198016 0110110100100011
-723815 01101010110001
-9145344 0111000111101110
-10197985 0001001001111
-9145329 011111111100001
-9145336 0111000111101111
-723852 0000010011110
-723851 00101100101111
-723850 00101100010110
-723856 01110100101011
-8092672 00101100010111
-723855 0000011101110
-723853 01101001011101
-723843 0110100110011
-723841 011101010010110
-723848 0001000000001
-723847 01101000110100
-723846 0000110001001
-723867 011010110001100
-723866 00101110010010
-723872 00101110010011
-723871 00101101010000
-723869 00100111011010
-723860 01101011111001
-723859 00101101010001
-723857 0000011011000
-723864 0111000111100
-723863 01011010111010
-723862 0000001011000
-723883 011010010101001
-723882 01011010111011
-723881 0110110001011
-1776569 0111000111101100
-723887 01110101010011
-4934639 0111000111101101
-723885 0010110100011
-723876 00100111111100
-723875 0100001000011
-723873 00100111111101
-723880 01110101011110
-723899 00100111111110
-4934651 00100111111111
-723897 00101001101100
-4934656 0100110111101
-723903 0000111100111
-4934654 0000111011010
-723901 00101001101101
-723892 011001101110100
-4934644 01101001010110
-723891 01101001010111
-723889 0000110011110
-1776552 00101001001101
-723896 01101000101110
-723895 00101100100010
-723894 0110101000100
-723893 01000011100000
-723915 011001111011110
-723913 01000011100001
-723920 01101000001110
-3881984 0110111100011
-723919 0110101110101
-723917 00101010000100
-723908 00101010000101
-723907 0000100011001
-723906 00101010000000
-723905 01101001000110
-723911 00101010000001
-723910 011001111111011
-723931 01110101001100
-723929 0000111101110
-723936 0000011011111
-2829312 00101001100000
-723934 1101000011101
-723933 00101001100001
-723923 00101011110010
-723922 0000110111101
-723921 0100110100011
-723927 01110100011010
-723925 0000100000010
-723948 01000011010010
-723946 01000011010011
-8092576 0110101111011101
-723952 01110101011100
-1776640 01010111001
-723950 00101011010100
-1776628 011011001111100
-723939 01100111010000
-723938 01100111010001
-723937 0000101110111
-723944 01000010011000
-723943 01000010011001
-723941 00101001010100
-723964 00101001010101
-723962 01110001001110
-723968 1100001
-723966 01000011001001
-723955 0000001111000
-723954 0000011111110
-7039889 0111001010011101
-1776616 011001110011000
-723960 0000010100110
-723959 01000000101010
-723958 01000000101011
-723957 1101000010110
-2894893 0100110101000
-789517 0100111001011
-1842205 0000010000111
-3947581 1100111110110
-16579838 011001110011001
-16579839 011100110110000
-1842208 0100110110101
-16579840 001011001001
-3947584 01000010011101
-7105661 0111001100101101
-15527168 011100110110001
-7105659 0000100110110
-14474493 01101100111111
-10263743 0110101111011010
-14474495 0110101111011011
-10263744 01100111101101
-9211049 01100111101100
-10263738 0110110000011
-13421802 0110111011111000
-9211069 01100111000010
-13421822 011100110101010
-13421818 011100110101011
-10263769 0100111001101
-10263765 0110100110010010
-10263768 0110100110010011
-11316451 011100110010100
-10263757 0100000100111
-10263758 0110101100011100
-11316480 0110101100011101
-10263756 01100111001111
-9211093 01110011010100
-10263747 011100100011100
-789614 0000110111000
-10263808 0110101100110
-10263800 011100100011101
-1842285 011001110011010
-1842286 011001110011011
-3947585 0100000010111
-1842333 011010100001110
-7105773 011100010000111
-789647 0000111100101
-789642 01100111010010
-3947707 00101001011110
-7105771 011011110011000
-789661 00101001011111
-789663 0000001000111
-789664 01101000111011
-789660 01101101110101
-789653 011100110011100
-789654 01000000011110
-789655 01000000011111
-789649 01110010001111
-789651 00101111111110
-789677 00101111111111
-789678 0000111000000
-789679 01110011001111
-789674 01110010001100
-789676 0000111000011
-789670 0110101010001
-789671 01110010001101
-789665 0000110101000
-789668 01000001001001
-6053102 0111001100111010
-789695 00101100011110
-789696 01101110001111
-5000448 011010000000010
-789689 0000110100001
-789690 0000110100000
-789691 01101101111001
-789692 01101110001100
-789686 00101100011111
-789688 01101110001101
-789681 0000010001111
-5000433 01110011011010
-789683 01110011011011
-789684 0000110000010
-789710 0000010001110
-789712 01101110000101
-3947776 01101000100000
-789705 0000110110111
-789706 01101111001101
-789708 00101101111101
-789701 01101110000110
-789702 0111000110110
-789704 00101110111011
-789698 0000101010010
-789700 01101101001101
-789726 01000001011100
-789727 01101110111101
-789728 01101111011111
-2895104 01000001011101
-789721 01101001100101
-789723 0000111000001
-6053003 0111001010011011
-789718 01101110000111
-789719 0000101101001
-789713 01101111011100
-789714 0110101111000
-789716 0000110101010
-789741 01101111011101
-789742 011100000000001
-789744 01000010111111
-1842432 001011011010
-789737 01100111101110
-8158361 0111001010101011
-789739 0000011111111
-8158364 0111001010101000
-789734 01000001011001
-789735 0000111110010
-789730 0000111101010
-1842418 011010110001111
-789732 0000101110110
-789758 01101000001111
-7105694 011101010000111
-8158352 0000011001101
-789760 1100110
-789753 01101000000011
-789755 0000011001100
-789756 0000101101110
-789750 0000010011100
-789751 01000001011110
-1842408 0111001010011000
-7105682 011101010001110
-789747 01000001011111
-789748 01101101000010
-4013374 0000110001010
-855310 0000010011111
-16645632 0100001110010
-2960687 01110000000010
-7171454 0111001010011001
-15592960 01111110000001
-5066073 011101010001111
-5066065 01101001110001
-9276845 0110101010010010
-14540288 0010110001110
-9276838 011100101001000
-9276837 011100101001001
-10329562 011010101110110
-10329560 0000010110011
-10329553 01110101000010
-9276867 0110101010010011
-10329549 0111000111001110
-9276893 01000001010011
-11382272 0010110100100
-10329548 01000001010000
-9276886 0100111001000
-9276887 011010101001111
-11382259 0111000111001111
-855422 0111001010101110
-4013378 011010101011101
-10329569 01101001101111
-855438 01101011010101
-7171565 011011110100110
-8224256 01101000110001
-7171563 011011110100111
-855453 0000101001000
-855456 01101000100111
-855455 01000001011011
-855450 0000111011011
-855449 01101010010110
-855448 0000111101100
-855469 01110000101001
-6118912 0111010101101110
-855471 00100010101110
-855466 01110010100101
-855465 0001000011001
-855468 0001000001101
-855464 0000001110000
-6118903 0100110000111
-855457 0000111010010
-855460 000100100110
-855459 01101101110111
-855486 01110000001000
-855485 0000100111110
-5066240 01110000111000
-855487 01000011000101
-855481 0001001000011
-855484 0000010101111
-855483 01110000111011
-5066235 01101111010010
-855478 01101001011011
-855479 00101010000010
-855474 01101001011110
-855473 0000010100101
-855476 0000111110000
-855501 01000000011011
-4013568 011011111001000
-855503 01110010010100
-855497 0100110101101
-855499 000000100010
-855493 0001000100010
-855495 01110010010111
-4013559 01101001010000
-855490 0000110110011
-855491 01110100001100
-855518 011011111001001
-855520 00101011001111
-8224175 01000011000110
-855514 01000011000111
-855513 01000000001011
-855516 00100111011110
-855509 00100111011111
-855511 0110110011001
-855506 01110010100001
-855505 0000100011011
-855508 01101001111100
-7171507 0001100000010
-855534 0000101001100
-8224158 01100101101100
-7171472 011100101010110
-1908224 010010010001
-855535 00101111001110
-855529 0000101110011
-855532 01110010100010
-855525 1100111100010
-855527 0110110010000
-855521 0000101100010
-8224145 011010100100010
-8224147 011010100100011
-855523 01101111100000
-855549 01101100001000
-855552 1101010
-855551 0001000110011
-855546 0000101011110
-855548 01110001010000
-855542 00101101101100
-855541 00101101101101
-1908197 01001111000001
-855544 01000000001001
-855537 0000000101101
-855539 01110001010001
-4079167 0010111110101
-3026479 011101010001000
-16711424 00010000101
-15658752 1101000100101
-7237245 1101000100100
-7237246 0110111000001100
-5131866 011101010001001
-3026482 011100000001110
-9342639 00101011111101
-9342638 01110101011010
-10395324 00101011010010
-9342631 00101011010011
-14606069 01110011001101
-9342630 0110111000001101
-13553408 011010110000011
-6184551 0111000111101000
-6184552 00101111110100
-6184550 011100010101010
-1973793 00101111110101
-11448035 01110010101001
-9342660 011100010101011
-11448064 01111110000011
-9342673 0111001010111111
-10395392 01101000000101
-921192 011010101111010
-9342720 011010101111011
-921214 011010101010110
-7237359 011010101010111
-8290048 01110001010100
-3026604 01110100000000
-8290040 011101010001100
-7237373 01101111100111
-3026622 011100011001010
-3026620 0110101011011010
-921263 0001000101101
-921264 01000000010001
-6184704 0010101000101
-921261 01110000100100
-921260 0001000101100
-921255 01000000010111
-6184696 01110000100101
-921254 01101010111110
-921251 01101010111111
-6184690 01110001111100
-921279 0000110001111
-5132032 0010111011010
-921277 01101010111100
-5132029 0110101011011011
-6184686 01101000001100
-921276 0001000111100
-921274 01101000001101
-921271 0000110001011
-921272 00100111011001
-921269 01110100000110
-921268 0000001000000
-921266 01110100000111
-921296 0000000101100
-4079360 011010110011111
-921294 01000001110110
-921292 01110010100011
-921283 01110000000101
-921281 01000001110111
-921311 00101101110100
-3026688 0100000110101
-921309 0000101000000
-921307 0000100100101
-6184588 01101010111000
-921305 01101000100001
-921306 0000111101111
-921303 01000010101010
-921304 0010011111100
-3026677 0111000111000100
-921300 000011100010
-921298 01101011011101
-4079330 01100110100110
-921328 01000010101011
-1974016 000100001101
-921326 01101000111000
-921324 0000010010010
-921321 01101011001001
-921322 01101011001010
-921319 00101010101011
-921320 0100111010100
-921318 00101101110110
-921316 01000011010000
-8289940 01100111010011
-921313 0000110101111
-921314 01000011010001
-921343 01101110100100
-921344 1101110
-921341 0000010100111
-3026654 011100101100010
-921342 01101011001110
-921340 0000001111001
-921338 01101010000110
-921335 01101001000101
-921336 011011010010011
-921333 1101001001101
-921334 011011010010000
-921331 0001001000110
-921330 01111111110001
-986896 01001100000
-16777216 0011
-15724544 001001000001
-15724543 011001111101000
-7303038 01111110000111
-15724538 011100011100000
-15724536 0110110010101011
-5197650 0000100011101
-14671869 01101011111100
-10461113 0100001010100
-9408424 00101001011011
-14671859 01101100111011
-13619200 0100111011101
-6250350 01101001000010
-6250343 0111010000000100
-6250341 0111010000000101
-2039586 0100110100000
-12566528 0111001010110110
-10461133 011011010010100
-11513845 0111001010110111
-10461125 011001111100101
-9408466 01101111000011
-986984 0110101011010000
-9408512 0010110000001
-9408503 011001111100111
-10461154 0110101011010001
-10461153 011001111100011
-3092400 0111001010110100
-8355840 011100011101010
-8355839 01110100111001
-2039699 011001111100000
-7303168 01101011101000
-3092415 0111001010110101
-8355816 0111000111011010
-3092401 0111000111011011
-987050 01101000101111
-2039737 011010000001000
-6250483 01110000110010
-987072 00101101110000
-987071 01000011011011
-987069 01000011011001
-987067 00101010100011
-987066 011111100000100
-5197818 00101001010010
-5197817 0111001010111001
-987064 01000001110010
-987063 011010011000101
-987062 00101111001010
-987061 01000001111001
-987060 00101111001011
-4145152 01101011100101
-987087 01000010010110
-987085 0001000110000
-987083 01101110100101
-987082 01000000011010
-987080 0000110111111
-987078 0100111011011
-4145141 0110100110001100
-987076 0110011110101
-987074 011100101011000
-5197697 011100101011001
-987104 00101101011001
-3092480 000001100011
-987102 0000111111100
-987100 01101010010000
-987099 01110000000110
-987097 0000100011111
-987095 01000000010010
-987093 01101111100101
-987089 01101111010000
-987120 00101101101110
-4145120 011101010110110
-2039808 011100011100110
-987119 0000011110100
-987117 01110000111001
-987115 0000011011001
-987113 0100001000110
-7303049 0111001010111010
-987111 01110001101111
-8355733 0111001010111011
-987109 0000101110001
-8355732 011100010101110
-987107 01101011000100
-987106 01100110111011
-987136 1101100
-987134 00101110011101
-3092446 011010111101100
-987132 00101001011000
-987130 00101001011001
-987129 01000011001000
-987127 0100110110110
-987126 0000101111000
-5197749 011011001010111
-987124 01110100011001
-987123 0000100010000
-987121 00101101011010
-7303057 011100110000011
