250 250
-16777216 0011
-16766208 001011111111
-13434880 00101001110
-13423872 001010010
-13423821 0110100110100
-13413120 0010111110
-13413069 0010101001
-10070784 011010010
-10070733 0010011
-10070682 0010100110
-10059776 001000110
-10059725 0010101000
-10059674 001010101
-10049024 001010011111011
-10048922 00101001111100
-6728448 001010011111010
-6728346 01101001101010
-6717440 001011110
-6717389 011010000110
-6717338 0110100111
-6717287 011010000111
-6706688 00101011
-6706637 00100011101
-6706586 0110100000
-6706535 001011011
-6706484 011010000100
-3364352 011010110
-3364301 011010011011
-3364250 00100011100
-3364199 00101111110
-3364148 01101001100
-3353344 011011
-3353293 00100010
-3353242 011010001
-3353191 0010001111
-3353140 001011010
-3353089 01101001101011
-3342592 01100
-3342541 0010000
-3342490 00101110
-3342439 00101000
-3342388 011010000101
-3342337 001011111110
-11008 0001
-10957 0010010
-10906 01101010
-10855 00101100
-10804 001010011110
-10753 0010100111111
-256 11
-205 010
-154 0111
-103 0000
-52 011010111
-1 10
