250 250
-6717287 110111011
-6706535 110101100
-1 10
-10753 11010110101
-3353140 11010100
-3342388 11000001110
-3364148 110000010
-13423821 11010011
-13413069 110111000
-13402061 11011101010100
-16777216 11001
-16755456 11010000
-16744448 11000000
-16733696 11010010
-16722688 11010111
-16711936 0
-16766208 110110100
-10070682 11000110
-10059674 110111001
-13434829 1100011111
-10081434 110100010000111
-6750208 1100001
-6739200 110111010101110
-6706688 1101000101
-6717440 11010110100
-6717389 110111010101111
-13391360 11000001101000
-3342337 11000111001
-13369600 11011011
-16766157 11000111000
-16755405 110101101100
-16777165 1101000100000
-13380352 1100000110101
-52 11011101001
-3353089 110100010001
-10804 11011101010101
-16733645 11010110110101
-16744397 11010110110100
-16711885 11011010110
-16722637 1101110101011010
-13413120 1100011110
-13434880 1100010
-13423872 110100011
-13402112 1101110101011011
-3407872 1101111
-65485 11011010101
-3353344 11011101011
-3364352 110110101110
-205 1101011011011
-3342592 110100010000110
-6706484 110110101111
-3364199 110000011011
-10092493 1101110101001
-10081485 11000001100
-10070733 11010001001
-13413018 11000001111
-3353191 11010001000010
-10092544 11010101
-10081536 1101110101000
-10059776 11010110111
-10070784 11011010100
-65536 111
-6717338 1100011101
-10059623 11011101000
-6728346 11000001101001
-3407821 110111010101100
-256 1101100