250 250
-103 0000
-11008 0001
-3342541 0010000
-3353293 00100010
-10059776 001000110
-3364250 00100011100
-6706637 00100011101
-3353191 0010001111
-10957 0010010
-10070733 0010011
-3342439 00101000
-13423872 001010010
-10070682 0010100110
-10059725 0010100111
-13434880 00101010000
-10049024 00101010001000
-6728448 001010100010010
-10048922 001010100010011
-10753 0010101000101
-10804 001010100011
-13413069 0010101001
-10059674 001010101
-6706688 00101011
-10855 00101100
-3353140 001011010
-6706535 001011011
-3342490 00101110
-6717440 001011110
-13413120 0010111110
-6706586 0010111111
-16777216 0011
-205 010
-3342592 01100
-3364199 01101000000
-3342337 011010000010
-6706484 011010000011
-16766208 011010000100
-3342388 011010000101
-3364148 01101000011
-3353242 011010001
-10906 01101001
-10070784 011010100
-6717389 011010101000
-13423821 0110101010010
-6728346 01101010100110
-3353089 01101010100111
-6717287 011010101010
-3364301 011010101011
-6717338 0110101011
-3364352 011010110
-52 011010111
-3353344 011011
-154 0111
-1 10
-256 11
