20 20
-1 10
-986896 110001000
-16777216 11010
-3947581 110001001
-5329239 110000111
-5526624 01000010
-14474495 111011101
-12632320 111100010
-11053281 111010000
-65880 011101101
-394846 110010100
-197465 01000011
-263260 111111110
-9869046 110111010
-131688 111100110
-10526918 111100011
-103 111111000
-131691 111010001
-105 110000011
-460654 111010101
-460651 110000100
-394871 110010101
-114 011110011
-10724311 110110011
-329076 111011001
-122 11011011
-11119060 110111100
-124 110111011
-125 111110100
-129 111100111
-329093 010110010
-592270 111111010
-263298 111010111
-723843 111111001
-140 11100010
-723846 011100110
-143 01101111
-145 111000110
-197522 011101000
-526492 011111011
-592287 111101001
-197525 110000101
-658065 111101110
-159 11001111
-161 01111000
-131748 110011010
-163 011100000
-164 111011010
-526511 110110100
-131750 111111100
-170 111110010
-171 111111111
-460716 011011011
-177 110111101
-178 111011100
-180 11001011
-65974 110111001
-181 11011111
-182 11110000
-526527 111110110
-65976 111110111
-987062 010110011
-187 01011000
-460732 111111011
-189 111010110
-194 0101110
-1118676 011101110
-526539 011011100
-196 01110101
-197 0101111
-1184471 110000000
-131784 011100111
-198 111010010
-131782 111010011
-658126 110000010
-987078 111000111
-203 011111001
-204 011101001
-208 11001100
-211 111101011
-212 111101000
-197592 111101100
-213 111101101
-723936 110011100
-658141 110011101
-215 0110000
-1052873 111101111
-217 111100100
-197595 111100101
-2500352 011110010
-220 01101100
-221 110011011
-222 11111000
-4145120 011100001
-855535 110110001
-228 111011011
-1776640 111000001
-229 110110101
-5460919 111011000
-232 111111101
-233 11100001
-1447680 111110011
-234 0110010
-394989 011011010
-1381888 0110011
-236 111000000
-1316096 010001
-329194 110110010
-1250304 0100000
-237 110110000
-1184512 0101101
-238 110111000
-1118720 0110100
-1052928 11101111
-987136 010010
-921344 0110101
-855552 111001
-789760 01110010
-244 111110101
-723968 010101
-245 111101010
-658175 011111010
-592381 111010100
-658176 011101100
-592384 110000110
-247 01110001
-1250277 011111000
-526592 0111111
-460800 1100011
-395008 010011
-329216 010100
-66043 011110111
-252 11000101
-263424 01111010
-253 011101111
-197632 1100100
-254 011110110
-66048 0110001
-131837 011011101
-256 00
-921330 110000001